worker static workload

00:00 WORK 
00:00 WORK NNNNNNNNNNNNNNNNNNNNNNNNNNNNNNNNNNNNNNNNNNNNNNNNNNNNNNNNNNNNNNNNNNNNNNNNNNNNNNNNNNNNNNNNNNNNNNNNNNN
00:05 OVER w=0 [3.1486210000000003]
           
00:05 WORK N
00:05 OVER w=1 [3.146819]
           
00:05 WORK AAAAAAAAAAAAAAAAAAAA
00:07 WORK 
A00:07 WORK AAAAAAAAA
00:09 WORK 
00:09 WORK AAAAAAAAAAAAAAAAAAAAAAAA
00:11 WORK 
00:11 WORK +++++++++++++++++++++++++++++++++++++++AAAAAAAAAAAAA
00:14 OVER w=1 [0.6486969999999999]
           
00:14 WORK A
00:14 OVER w=0 [0.7482030000000002]
           
00:14 WORK AAAAAAAAAAAAAAAAAAAA++++++++++++++++++++++++++
00:16 OVER w=0 [0.3874010000000001]
           
00:16 WORK A+
00:16 OVER w=1 [0.4909840000000001]
           
00:16 WORK AAAAAAAA
00:18 WORK A
00:18 WORK AAAAAAAAAAAAAAAAAAAAAAAA
00:20 WORK A
00:20 WORK A
00:20 DONE w=0
           AAAAAAA
00:21 DONE w=1
           
c0: 146
c1: 151
pg total writes: 397
pg total reads:  900
pg total refreshes: 297
vm00: 00 05 09 14 18
vm01: 00 11
vm02: 00 11
vm03: 00 05 09 14 18
vm04: 00 11
vm05: 00 11
vm06: 00 05 09 14 18
vm07: 00 11
vm08: 00 11
vm09: 00 05 09 14 18
vm10: 00 11
vm11: 00 11
vm12: 00 05 09 14 18
vm13: 00 11
vm14: 00 11
vm15: 01 05 09 14 18
vm16: 01 11
vm17: 01 11
vm18: 01 05 09 14 18
vm19: 01 12
vm20: 01 11
vm21: 01 05 09 14 18
vm22: 01 12
vm23: 01 12
vm24: 01 05 09 14 18
vm25: 01 12
vm26: 01 12
vm27: 01 05 09 14 19
vm28: 01 12
vm29: 01 12
vm30: 01 05 09 14 19
vm31: 01 12
vm32: 01 12
vm33: 01 05 09 14 19
vm34: 01 12
vm35: 02 12
vm36: 02 05 09 14 19
vm37: 02 12
vm38: 02 12
vm39: 02 06 10 14 19
vm40: 02 12
vm41: 02 12
vm42: 02 06 10 14 19
vm43: 02 12
vm44: 02 12
vm45: 02 06 10 14 19
vm46: 02 12
vm47: 02 12
vm48: 02 06 10 14 19
vm49: 02 13
vm50: 02 12
vm51: 02 06 10 14 19
vm52: 02 13
vm53: 02 13
vm54: 02 06 10 15 19
vm55: 03 13
vm56: 03 13
vm57: 03 06 10 15 19
vm58: 03 13
vm59: 03 15
vm60: 03 07 13 16 20
vm61: 03 15
vm62: 03 15
vm63: 03 07 13 16 20
vm64: 03 15
vm65: 03 15
vm66: 03 07 13 16 20
vm67: 03 15
vm68: 03 15
vm69: 03 07 13 16 20
vm70: 03 15
vm71: 03 15
vm72: 03 07 13 19
vm73: 04 15
vm74: 04 15
vm75: 04 07 13 16 20
vm76: 04 15
vm77: 04 15
vm78: 04 07 13 19
vm79: 04 15
vm80: 04 15
vm81: 04 07 13 16 20
vm82: 04 15
vm83: 04 15
vm84: 04 07 13 19
vm85: 04 16
vm86: 04 15
vm87: 04 07 13 17 21
vm88: 04 16
vm89: 04 16
vm90: 04 10 13 19
vm91: 04 16
vm92: 04 16
vm93: 05 10 13 17 21
vm94: 05 16
vm95: 05 16
vm96: 05 10 14 19
vm97: 05 16
vm98: 05 16
vm99: 05 10 14 17 21
